1.37208 0
1.37208 0
10.228016 0.28
10.228016 0.28
10.351829 0.29
10.351829 0.29
10.357829 0.3
10.357829 0.3
10.363829 0.31
10.363829 0.31
10.369829 0.32
10.369829 0.32
10.375829 0.32
10.375829 0.32
10.381829 0.33
10.381829 0.33
10.387829 0.34
10.387829 0.34
10.393829 0.35
10.393829 0.35
10.399829 0.36
10.399829 0.36
10.405829 0.37
10.405829 0.37
10.411829 0.38
10.411829 0.38
10.417829 0.39
10.417829 0.39
10.999643 0.4
10.999643 0.4
11.005643 0.41
11.005643 0.41
11.017643 0.42
11.017643 0.42
11.023643 0.43
11.023643 0.43
11.029643 0.44
11.029643 0.44
11.035643 0.45
11.035643 0.45
11.041643 0.46
11.041643 0.46
11.047643 0.47
11.047643 0.47
11.053643 0.48
11.053643 0.48
11.059643 0.49
11.059643 0.49
11.635456 0.5
11.635456 0.5
11.641456 0.51
11.641456 0.51
11.653456 0.52
11.653456 0.52
11.659456 0.53
11.659456 0.53
11.665456 0.54
11.665456 0.54
11.671456 0.55
11.671456 0.55
11.677456 0.56
11.677456 0.56
11.683456 0.57
11.683456 0.57
11.689456 0.58
11.689456 0.58
11.695456 0.59
11.695456 0.59
11.701456 0.6
11.701456 0.6
12.271269 0.61
12.271269 0.61
12.277269 0.62
12.277269 0.62
12.289269 0.63
12.289269 0.63
12.295269 0.64
12.295269 0.64
12.301269 0.65
12.301269 0.65
12.307269 0.66
12.307269 0.66
12.313269 0.67
12.313269 0.67
12.319269 0.68
12.319269 0.68
12.325269 0.69
12.325269 0.69
12.331269 0.7
12.331269 0.7
12.337269 0.71
12.337269 0.71
12.343269 0.72
12.343269 0.72
12.907083 0.73
12.907083 0.73
12.913083 0.74
12.913083 0.74
12.925083 0.75
12.925083 0.75
12.931083 0.76
12.931083 0.76
12.937083 0.77
12.937083 0.77
12.943083 0.78
12.943083 0.78
12.949083 0.79
12.949083 0.79
12.955083 0.8
12.955083 0.8
12.961083 0.81
12.961083 0.81
12.967083 0.82
12.967083 0.82
12.973083 0.83
12.973083 0.83
12.979083 0.84
12.979083 0.84
12.985083 0.85
12.985083 0.85
13.542896 0.86
13.542896 0.86
13.548896 0.87
13.548896 0.87
13.560896 0.88
13.560896 0.88
13.566896 0.89
13.566896 0.89
13.572896 0
13.572896 0
13.578896 0.01
13.578896 0.01
13.584896 0.02
13.584896 0.02
13.590896 0.03
13.590896 0.03
13.596896 0.04
13.596896 0.04
13.602896 0.05
13.602896 0.05
13.608896 0.06
13.608896 0.06
13.614896 0.07
13.614896 0.07
13.620896 0.08
13.620896 0.08
13.626896 0.09
13.626896 0.09
14.178709 0.1
14.178709 0.1
14.184709 0.11
14.184709 0.11
14.196709 0.12
14.196709 0.12
14.202709 0.13
14.202709 0.13
14.208709 0.14
14.208709 0.14
14.214709 0.15
14.214709 0.15
14.220709 0.16
14.220709 0.16
14.226709 0.17
14.226709 0.17
14.232709 0.18
14.232709 0.18
14.238709 0.19
14.238709 0.19
14.244709 0.2
14.244709 0.2
14.250709 0.21
14.250709 0.21
14.256709 0.22
14.256709 0.22
14.262709 0.23
14.262709 0.23
14.268709 0.24
14.268709 0.24
14.814523 0.25
14.814523 0.25
14.820523 0.26
14.820523 0.26
14.832523 0.27
14.832523 0.27
14.838523 0.28
14.838523 0.28
14.844523 0.29
14.844523 0.29
14.850523 0.3
14.850523 0.3
14.856523 0.31
14.856523 0.31
14.862523 0.32
14.862523 0.32
14.868523 0.33
14.868523 0.33
14.874523 0.34
14.874523 0.34
14.880523 0.35
14.880523 0.35
14.886523 0.36
14.886523 0.36
14.892523 0.37
14.892523 0.37
14.898523 0.38
14.898523 0.38
14.904523 0.39
14.904523 0.39
14.910523 0.4
14.910523 0.4
15.450336 0.41
15.450336 0.41
15.456336 0.42
15.456336 0.42
15.468336 0.43
15.468336 0.43
15.474336 0.44
15.474336 0.44
15.480336 0.45
15.480336 0.45
15.486336 0.46
15.486336 0.46
15.492336 0.47
15.492336 0.47
15.498336 0.48
15.498336 0.48
15.504336 0.49
15.504336 0.49
15.510336 0.5
15.510336 0.5
15.516336 0.51
15.516336 0.51
15.522336 0.52
15.522336 0.52
15.528336 0.53
15.528336 0.53
15.534336 0.54
15.534336 0.54
15.540336 0.55
15.540336 0.55
15.546336 0.56
15.546336 0.56
15.552336 0.57
15.552336 0.57
16.086149 0.58
16.086149 0.58
16.092149 0.59
16.092149 0.59
16.104149 0.6
16.104149 0.6
16.110149 0.61
16.110149 0.61
16.116149 0.62
16.116149 0.62
16.122149 0.63
16.122149 0.63
16.128149 0.64
16.128149 0.64
16.134149 0.65
16.134149 0.65
16.140149 0.66
16.140149 0.66
16.146149 0.67
16.146149 0.67
16.152149 0.68
16.152149 0.68
16.158149 0.69
16.158149 0.69
16.164149 0.7
16.164149 0.7
16.170149 0.71
16.170149 0.71
16.176149 0.72
16.176149 0.72
16.182149 0.73
16.182149 0.73
16.188149 0.74
16.188149 0.74
16.194149 0.75
16.194149 0.75
16.721963 0.76
16.721963 0.76
16.727963 0.77
16.727963 0.77
16.739963 0.78
16.739963 0.78
16.745963 0.79
16.745963 0.79
16.751963 0.8
16.751963 0.8
16.757963 0.81
16.757963 0.81
16.763963 0.82
16.763963 0.82
16.769963 0.83
16.769963 0.83
16.775963 0.84
16.775963 0.84
16.781963 0.85
16.781963 0.85
16.787963 0.86
16.787963 0.86
16.793963 0.87
16.793963 0.87
16.799963 0.88
16.799963 0.88
16.805963 0.89
16.805963 0.89
16.811963 0
16.811963 0
16.817963 0.01
16.817963 0.01
16.823963 0.02
16.823963 0.02
16.829963 0.03
16.829963 0.03
16.835963 0.04
16.835963 0.04
17.357776 0.05
17.357776 0.05
17.363776 0.06
17.363776 0.06
17.375776 0.07
17.375776 0.07
17.381776 0.08
17.381776 0.08
17.387776 0.09
17.387776 0.09
17.393776 0.1
17.393776 0.1
17.399776 0.11
17.399776 0.11
17.405776 0.12
17.405776 0.12
17.411776 0.13
17.411776 0.13
17.417776 0.14
17.417776 0.14
17.423776 0.15
17.423776 0.15
17.429776 0.16
17.429776 0.16
17.435776 0.17
17.435776 0.17
17.441776 0.18
17.441776 0.18
17.447776 0.19
17.447776 0.19
17.453776 0.2
17.453776 0.2
17.459776 0.21
17.459776 0.21
17.465776 0.22
17.465776 0.22
17.471776 0.23
17.471776 0.23
17.477776 0.24
17.477776 0.24
17.993589 0.25
17.993589 0.25
17.999589 0.26
17.999589 0.26
18.011589 0.27
18.011589 0.27
18.017589 0.28
18.017589 0.28
18.023589 0.29
18.023589 0.29
18.029589 0.3
18.029589 0.3
18.035589 0.31
18.035589 0.31
18.041589 0.32
18.041589 0.32
18.047589 0.33
18.047589 0.33
18.053589 0.34
18.053589 0.34
18.059589 0.35
18.059589 0.35
18.065589 0.36
18.065589 0.36
18.071589 0.37
18.071589 0.37
18.077589 0.38
18.077589 0.38
18.083589 0.39
18.083589 0.39
18.089589 0.4
18.089589 0.4
18.095589 0.41
18.095589 0.41
18.101589 0.42
18.101589 0.42
18.107589 0.43
18.107589 0.43
18.113589 0.44
18.113589 0.44
18.119589 0.45
18.119589 0.45
18.629403 0.46
18.629403 0.46
18.635403 0.47
18.635403 0.47
18.647403 0.48
18.647403 0.48
18.653403 0.49
18.653403 0.49
18.659403 0.5
18.659403 0.5
18.665403 0.51
18.665403 0.51
18.671403 0.52
18.671403 0.52
18.677403 0.53
18.677403 0.53
18.683403 0.54
18.683403 0.54
18.689403 0.55
18.689403 0.55
18.695403 0.56
18.695403 0.56
18.701403 0.57
18.701403 0.57
18.707403 0.58
18.707403 0.58
18.713403 0.59
18.713403 0.59
18.719403 0.6
18.719403 0.6
18.725403 0.61
18.725403 0.61
18.731403 0.62
18.731403 0.62
18.737403 0.63
18.737403 0.63
18.743403 0.64
18.743403 0.64
18.749403 0.65
18.749403 0.65
18.755403 0.66
18.755403 0.66
18.761403 0.67
18.761403 0.67
19.265216 0.68
19.265216 0.68
19.271216 0.69
19.271216 0.69
19.283216 0.7
19.283216 0.7
19.289216 0.71
19.289216 0.71
19.295216 0.72
19.295216 0.72
19.301216 0.73
19.301216 0.73
19.307216 0.74
19.307216 0.74
19.313216 0.75
19.313216 0.75
19.319216 0.76
19.319216 0.76
19.325216 0.77
19.325216 0.77
19.331216 0.78
19.331216 0.78
19.337216 0.79
19.337216 0.79
19.343216 0.8
19.343216 0.8
19.349216 0.81
19.349216 0.81
19.355216 0.82
19.355216 0.82
19.361216 0.83
19.361216 0.83
19.367216 0.84
19.367216 0.84
19.373216 0.85
19.373216 0.85
19.379216 0.86
19.379216 0.86
19.385216 0.87
19.385216 0.87
19.391216 0.88
19.391216 0.88
19.397216 0.89
19.397216 0.89
19.403216 0
19.403216 0
19.901029 0.01
19.901029 0.01
19.907029 0.02
19.907029 0.02
19.919029 0.03
19.919029 0.03
19.925029 0.04
19.925029 0.04
19.931029 0.05
19.931029 0.05
19.937029 0.06
19.937029 0.06
19.943029 0.07
19.943029 0.07
19.949029 0.08
19.949029 0.08
19.955029 0.09
19.955029 0.09
19.961029 0.1
19.961029 0.1
19.967029 0.11
19.967029 0.11
19.973029 0.12
19.973029 0.12
19.979029 0.13
19.979029 0.13
19.985029 0.14
19.985029 0.14
19.991029 0.15
19.991029 0.15
19.997029 0.16
19.997029 0.16
2.007893 0.01
2.007893 0.01
2.013893 0.02
2.013893 0.02
2.643707 0.03
2.643707 0.03
2.649707 0.04
2.649707 0.04
2.655707 0.05
2.655707 0.05
2.661707 0.06
2.661707 0.06
20.003029 0.17
20.003029 0.17
20.009029 0.18
20.009029 0.18
20.015029 0.19
20.015029 0.19
20.021029 0.2
20.021029 0.2
20.027029 0.21
20.027029 0.21
20.033029 0.22
20.033029 0.22
20.039029 0.23
20.039029 0.23
20.045029 0.24
20.045029 0.24
20.536843 0.25
20.536843 0.25
20.542843 0.26
20.542843 0.26
20.561184 0.26
20.561184 0.26
20.567184 0.26
20.567184 0.26
20.573184 0.26
20.573184 0.26
20.579184 0.26
20.579184 0.26
20.585184 0.26
20.585184 0.26
20.591184 0.26
20.591184 0.26
20.597184 0.26
20.597184 0.26
20.603184 0.26
20.603184 0.26
20.609184 0.26
20.609184 0.26
20.615184 0.26
20.615184 0.26
20.621184 0.26
20.621184 0.26
20.627184 0.26
20.627184 0.26
20.633184 0.26
20.633184 0.26
20.639184 0.26
20.639184 0.26
20.645184 0.26
20.645184 0.26
20.651184 0.26
20.651184 0.26
20.657184 0.26
20.657184 0.26
20.663184 0.26
20.663184 0.26
20.669184 0.26
20.669184 0.26
20.675184 0.26
20.675184 0.26
20.681184 0.26
20.681184 0.26
21.054843 0.48
21.054843 0.48
21.172656 0.49
21.172656 0.49
21.178656 0.5
21.178656 0.5
21.184656 0.51
21.184656 0.51
21.197019 0.52
21.197019 0.52
21.203019 0.53
21.203019 0.53
21.209019 0.53
21.209019 0.53
21.287019 0.54
21.287019 0.54
21.293019 0.55
21.293019 0.55
21.299019 0.56
21.299019 0.56
21.690656 0.57
21.690656 0.57
21.696656 0.58
21.696656 0.58
21.702656 0.59
21.702656 0.59
21.708656 0.6
21.708656 0.6
21.808811 0.6
21.808811 0.6
21.814811 0.6
21.814811 0.6
21.820811 0.6
21.820811 0.6
21.826811 0.6
21.826811 0.6
21.832811 0.6
21.832811 0.6
21.838811 0.6
21.838811 0.6
21.844811 0.6
21.844811 0.6
21.850811 0.6
21.850811 0.6
22.206656 0.69
22.206656 0.69
22.332469 0.7
22.332469 0.7
22.338469 0.71
22.338469 0.71
22.344469 0.72
22.344469 0.72
22.350469 0.73
22.350469 0.73
22.444645 0.74
22.444645 0.74
22.450645 0.75
22.450645 0.75
22.456645 0.75
22.456645 0.75
22.842469 0.76
22.842469 0.76
22.968283 0.77
22.968283 0.77
22.974283 0.78
22.974283 0.78
22.980283 0.79
22.980283 0.79
22.986283 0.8
22.986283 0.8
22.992283 0.81
22.992283 0.81
22.998283 0.82
22.998283 0.82
23.004283 0.83
23.004283 0.83
23.010283 0.84
23.010283 0.84
23.080459 0.85
23.080459 0.85
23.086459 0.86
23.086459 0.86
23.622096 0.87
23.622096 0.87
23.628096 0.88
23.628096 0.88
23.634096 0.89
23.634096 0.89
23.640096 0
23.640096 0
23.646096 0.01
23.646096 0.01
23.716272 0.02
23.716272 0.02
23.722272 0.03
23.722272 0.03
23.728272 0.04
23.728272 0.04
24.257909 0.05
24.257909 0.05
24.263909 0.06
24.263909 0.06
24.269909 0.07
24.269909 0.07
24.275909 0.08
24.275909 0.08
24.281909 0.09
24.281909 0.09
24.352085 0.1
24.352085 0.1
24.358085 0.11
24.358085 0.11
24.364085 0.12
24.364085 0.12
24.370085 0.13
24.370085 0.13
24.893723 0.14
24.893723 0.14
24.899723 0.15
24.899723 0.15
24.905723 0.16
24.905723 0.16
24.911723 0.17
24.911723 0.17
24.917723 0.18
24.917723 0.18
24.987899 0.19
24.987899 0.19
24.993899 0.2
24.993899 0.2
24.999899 0.21
24.999899 0.21
25.005899 0.22
25.005899 0.22
25.529536 0.23
25.529536 0.23
25.535536 0.24
25.535536 0.24
25.541536 0.25
25.541536 0.25
25.547536 0.26
25.547536 0.26
25.553536 0.27
25.553536 0.27
25.559536 0.28
25.559536 0.28
25.623712 0.29
25.623712 0.29
25.629712 0.3
25.629712 0.3
25.635712 0.31
25.635712 0.31
25.641712 0.32
25.641712 0.32
26.165349 0.33
26.165349 0.33
26.171349 0.34
26.171349 0.34
26.177349 0.35
26.177349 0.35
26.183349 0.36
26.183349 0.36
26.189349 0.37
26.189349 0.37
26.195349 0.38
26.195349 0.38
26.201349 0.39
26.201349 0.39
26.259525 0.4
26.259525 0.4
26.265525 0.41
26.265525 0.41
26.271525 0.42
26.271525 0.42
26.277525 0.43
26.277525 0.43
26.801163 0.44
26.801163 0.44
26.807163 0.45
26.807163 0.45
26.813163 0.46
26.813163 0.46
26.819163 0.47
26.819163 0.47
26.825163 0.48
26.825163 0.48
26.831163 0.49
26.831163 0.49
26.837163 0.5
26.837163 0.5
26.843163 0.51
26.843163 0.51
26.895339 0.52
26.895339 0.52
26.901339 0.53
26.901339 0.53
26.907339 0.54
26.907339 0.54
26.913339 0.55
26.913339 0.55
27.436976 0.56
27.436976 0.56
27.442976 0.57
27.442976 0.57
27.448976 0.58
27.448976 0.58
27.454976 0.59
27.454976 0.59
27.460976 0.6
27.460976 0.6
27.466976 0.61
27.466976 0.61
27.472976 0.62
27.472976 0.62
27.478976 0.63
27.478976 0.63
27.484976 0.64
27.484976 0.64
27.531152 0.65
27.531152 0.65
27.537152 0.66
27.537152 0.66
27.543152 0.67
27.543152 0.67
27.549152 0.68
27.549152 0.68
28.072789 0.69
28.072789 0.69
28.078789 0.7
28.078789 0.7
28.084789 0.71
28.084789 0.71
28.090789 0.72
28.090789 0.72
28.096789 0.73
28.096789 0.73
28.102789 0.74
28.102789 0.74
28.108789 0.75
28.108789 0.75
28.114789 0.76
28.114789 0.76
28.120789 0.77
28.120789 0.77
28.126789 0.78
28.126789 0.78
28.166965 0.79
28.166965 0.79
28.172965 0.8
28.172965 0.8
28.178965 0.81
28.178965 0.81
28.184965 0.82
28.184965 0.82
28.708603 0.83
28.708603 0.83
28.714603 0.84
28.714603 0.84
28.720603 0.85
28.720603 0.85
28.726603 0.86
28.726603 0.86
28.732603 0.87
28.732603 0.87
28.738603 0.88
28.738603 0.88
28.744603 0.89
28.744603 0.89
28.750603 0
28.750603 0
28.756603 0.01
28.756603 0.01
28.762603 0.02
28.762603 0.02
28.768603 0.03
28.768603 0.03
28.80912 0.03
28.80912 0.03
28.81512 0.03
28.81512 0.03
28.82112 0.03
28.82112 0.03
29.302779 0.07
29.302779 0.07
29.344416 0.08
29.344416 0.08
29.350416 0.09
29.350416 0.09
29.356416 0.1
29.356416 0.1
29.362416 0.11
29.362416 0.11
29.368416 0.12
29.368416 0.12
29.374416 0.13
29.374416 0.13
29.380416 0.14
29.380416 0.14
29.386416 0.15
29.386416 0.15
29.392416 0.16
29.392416 0.16
29.398416 0.17
29.398416 0.17
29.404416 0.18
29.404416 0.18
29.410416 0.19
29.410416 0.19
29.444955 0.2
29.444955 0.2
29.450955 0.21
29.450955 0.21
29.456955 0.21
29.456955 0.21
3.27952 0.07
3.27952 0.07
3.28552 0.08
3.28552 0.08
3.29152 0.09
3.29152 0.09
3.29752 0.1
3.29752 0.1
3.30352 0.11
3.30352 0.11
3.30952 0.12
3.30952 0.12
3.31552 0.13
3.31552 0.13
3.32152 0.14
3.32152 0.14
3.915333 0.15
3.915333 0.15
3.921333 0.16
3.921333 0.16
3.927333 0.17
3.927333 0.17
3.933333 0.18
3.933333 0.18
3.939333 0.19
3.939333 0.19
3.945333 0.2
3.945333 0.2
3.951333 0.21
3.951333 0.21
3.957333 0.22
3.957333 0.22
3.963333 0.23
3.963333 0.23
3.969333 0.24
3.969333 0.24
3.975333 0.25
3.975333 0.25
3.981333 0.26
3.981333 0.26
3.987333 0.27
3.987333 0.27
3.993333 0.28
3.993333 0.28
3.999333 0.29
3.999333 0.29
4.005333 0.3
4.005333 0.3
4.551147 0.31
4.551147 0.31
4.557147 0.32
4.557147 0.32
4.563147 0.33
4.563147 0.33
4.569147 0.34
4.569147 0.34
4.575147 0.35
4.575147 0.35
4.581147 0.36
4.581147 0.36
4.587147 0.37
4.587147 0.37
4.593147 0.38
4.593147 0.38
4.599147 0.39
4.599147 0.39
4.605147 0.4
4.605147 0.4
4.611147 0.41
4.611147 0.41
4.617147 0.42
4.617147 0.42
4.623147 0.43
4.623147 0.43
4.629147 0.44
4.629147 0.44
4.635147 0.45
4.635147 0.45
4.641147 0.46
4.641147 0.46
4.647147 0.47
4.647147 0.47
4.653147 0.48
4.653147 0.48
4.659147 0.49
4.659147 0.49
4.665147 0.5
4.665147 0.5
4.671147 0.51
4.671147 0.51
4.677147 0.52
4.677147 0.52
4.683147 0.53
4.683147 0.53
4.689147 0.54
4.689147 0.54
4.695147 0.55
4.695147 0.55
4.701147 0.56
4.701147 0.56
4.707147 0.57
4.707147 0.57
4.713147 0.58
4.713147 0.58
4.719147 0.59
4.719147 0.59
4.725147 0.6
4.725147 0.6
5.18696 0.61
5.18696 0.61
5.19296 0.62
5.19296 0.62
5.19896 0.63
5.19896 0.63
5.20496 0.64
5.20496 0.64
5.21096 0.65
5.21096 0.65
5.21696 0.66
5.21696 0.66
5.22296 0.67
5.22296 0.67
5.22896 0.68
5.22896 0.68
5.23496 0.69
5.23496 0.69
5.24096 0.7
5.24096 0.7
5.24696 0.71
5.24696 0.71
5.25296 0.72
5.25296 0.72
5.25896 0.73
5.25896 0.73
5.26496 0.74
5.26496 0.74
5.27096 0.75
5.27096 0.75
5.27696 0.76
5.27696 0.76
5.28296 0.77
5.28296 0.77
5.28896 0.78
5.28896 0.78
5.29496 0.79
5.29496 0.79
5.30096 0.8
5.30096 0.8
5.30696 0.81
5.30696 0.81
5.31296 0.82
5.31296 0.82
5.31896 0.83
5.31896 0.83
5.32496 0.84
5.32496 0.84
5.33096 0.85
5.33096 0.85
5.33696 0.86
5.33696 0.86
5.34296 0.87
5.34296 0.87
5.355301 0.87
5.355301 0.87
5.361301 0.87
5.361301 0.87
5.823115 0.87
5.823115 0.87
5.829115 0.87
5.829115 0.87
5.835115 0.87
5.835115 0.87
5.841115 0.87
5.841115 0.87
5.847115 0.87
5.847115 0.87
5.852773 0.05
5.852773 0.05
5.859115 0.05
5.859115 0.05
5.865115 0.05
5.865115 0.05
5.871115 0.05
5.871115 0.05
5.877115 0.05
5.877115 0.05
5.883115 0.05
5.883115 0.05
5.889115 0.05
5.889115 0.05
5.895115 0.05
5.895115 0.05
5.901115 0.05
5.901115 0.05
5.907115 0.05
5.907115 0.05
5.913115 0.05
5.913115 0.05
5.919115 0.05
5.919115 0.05
5.925115 0.05
5.925115 0.05
5.931115 0.05
5.931115 0.05
5.937115 0.05
5.937115 0.05
5.943115 0.05
5.943115 0.05
5.949115 0.05
5.949115 0.05
5.955115 0.05
5.955115 0.05
5.961115 0.05
5.961115 0.05
5.967115 0.05
5.967115 0.05
5.973115 0.05
5.973115 0.05
5.979115 0.05
5.979115 0.05
6.352773 0.27
6.352773 0.27
6.458949 0.27
6.458949 0.27
6.530949 0.27
6.530949 0.27
6.536949 0.28
6.536949 0.28
6.542949 0.29
6.542949 0.29
6.548949 0.3
6.548949 0.3
6.554949 0.31
6.554949 0.31
6.560949 0.32
6.560949 0.32
6.566949 0.33
6.566949 0.33
6.572949 0.34
6.572949 0.34
6.578949 0.35
6.578949 0.35
6.988587 0.36
6.988587 0.36
6.994587 0.37
6.994587 0.37
7.000587 0.38
7.000587 0.38
7.006587 0.39
7.006587 0.39
7.012587 0.4
7.012587 0.4
7.018587 0.41
7.018587 0.41
7.024587 0.42
7.024587 0.42
7.172763 0.43
7.172763 0.43
7.178763 0.44
7.178763 0.44
7.184763 0.45
7.184763 0.45
7.190763 0.46
7.190763 0.46
7.196763 0.47
7.196763 0.47
7.202763 0.48
7.202763 0.48
7.208763 0.49
7.208763 0.49
7.214763 0.5
7.214763 0.5
7.6244 0.51
7.6244 0.51
7.6304 0.52
7.6304 0.52
7.6364 0.53
7.6364 0.53
7.6424 0.54
7.6424 0.54
7.6484 0.55
7.6484 0.55
7.6544 0.56
7.6544 0.56
7.6604 0.57
7.6604 0.57
7.808576 0.58
7.808576 0.58
7.814576 0.59
7.814576 0.59
7.820576 0.6
7.820576 0.6
7.826576 0.61
7.826576 0.61
7.832576 0.62
7.832576 0.62
7.838576 0.63
7.838576 0.63
7.844576 0.64
7.844576 0.64
7.850576 0.65
7.850576 0.65
7.856576 0.66
7.856576 0.66
8.260213 0.67
8.260213 0.67
8.266213 0.68
8.266213 0.68
8.272213 0.69
8.272213 0.69
8.278213 0.7
8.278213 0.7
8.284213 0.71
8.284213 0.71
8.290213 0.72
8.290213 0.72
8.296213 0.73
8.296213 0.73
8.444389 0.74
8.444389 0.74
8.450389 0.75
8.450389 0.75
8.456389 0.76
8.456389 0.76
8.462389 0.77
8.462389 0.77
8.468389 0.78
8.468389 0.78
8.474389 0.79
8.474389 0.79
8.480389 0.8
8.480389 0.8
8.486389 0.81
8.486389 0.81
8.492389 0.82
8.492389 0.82
8.498389 0.83
8.498389 0.83
8.896027 0.84
8.896027 0.84
8.902027 0.85
8.902027 0.85
8.908027 0.86
8.908027 0.86
8.914027 0.87
8.914027 0.87
8.920027 0.88
8.920027 0.88
8.926027 0.89
8.926027 0.89
8.932027 0
8.932027 0
9.080203 0.01
9.080203 0.01
9.086203 0.02
9.086203 0.02
9.092203 0.03
9.092203 0.03
9.098203 0.04
9.098203 0.04
9.104203 0.05
9.104203 0.05
9.110203 0.06
9.110203 0.06
9.116203 0.07
9.116203 0.07
9.122544 0.07
9.122544 0.07
9.128544 0.07
9.128544 0.07
9.134544 0.07
9.134544 0.07
9.532181 0.07
9.532181 0.07
9.538181 0.07
9.538181 0.07
9.544181 0.07
9.544181 0.07
9.550181 0.07
9.550181 0.07
9.556181 0.07
9.556181 0.07
9.562181 0.07
9.562181 0.07
9.568181 0.07
9.568181 0.07
9.616203 0.18
9.616203 0.18
9.716016 0.19
9.716016 0.19
9.722016 0.2
9.722016 0.2
9.734357 0.2
9.734357 0.2
9.740357 0.2
9.740357 0.2
9.746357 0.2
9.746357 0.2
9.752357 0.2
9.752357 0.2
9.758357 0.2
9.758357 0.2
9.764357 0.2
9.764357 0.2
9.770357 0.2
9.770357 0.2
9.776357 0.2
9.776357 0.2
 
0 1
 
