0.8 0
1.422187 0.01
1.422187 0.02
2.058 0.03
2.058 0.04
2.064 0.05
2.064 0.06
2.693813 0.07
2.693813 0.08
2.699813 0.09
2.699813 0.1
2.705813 0.11
2.705813 0.12
2.711813 0.13
2.711813 0.14
3.329627 0.15
3.329627 0.16
3.335627 0.17
3.335627 0.18
3.341627 0.19
3.341627 0.2
3.347627 0.21
3.347627 0.22
3.353627 0.23
3.353627 0.24
3.359627 0.25
3.359627 0.26
3.365627 0.27
3.365627 0.28
3.371627 0.29
3.371627 0.3
3.96544 0.31
3.96544 0.32
3.97144 0.33
3.97144 0.34
3.97744 0.35
3.97744 0.36
3.98344 0.37
3.98344 0.38
3.98944 0.39
3.98944 0.4
3.99544 0.41
3.99544 0.42
4.00144 0.43
4.00144 0.44
4.00744 0.45
4.00744 0.46
4.01344 0.47
4.01344 0.48
4.01944 0.49
4.01944 0.5
4.02544 0.51
4.02544 0.52
4.03144 0.53
4.03144 0.54
4.03744 0.55
4.03744 0.56
4.04344 0.57
4.04344 0.58
4.04944 0.59
4.05544 0.6
4.601253 0.61
4.607253 0.62
4.613253 0.63
4.619253 0.64
4.625253 0.65
4.631253 0.66
4.637253 0.67
4.643253 0.68
4.649253 0.69
4.655253 0.7
4.661253 0.71
4.667253 0.72
4.673253 0.73
4.679253 0.74
4.685253 0.75
4.691253 0.76
4.697253 0.77
4.703253 0.78
4.709253 0.79
4.715253 0.8
4.721253 0.81
4.727253 0.82
4.733253 0.83
4.739253 0.84
4.745253 0.85
4.751253 0.86
4.757253 0.87
4.763253 0.88
4.769253 0.89
4.775253 0
5.237067 0.01
5.243067 0.02
5.249067 0.03
5.255067 0.04
5.261067 0.05
5.267067 0.06
5.273067 0.07
5.279067 0.08
5.285067 0.09
5.291067 0.1
5.297067 0.11
5.303067 0.12
5.309067 0.13
5.315067 0.14
5.321067 0.15
5.327067 0.16
5.333067 0.17
5.339067 0.18
5.345067 0.19
5.351067 0.2
5.357067 0.21
5.363067 0.22
5.369067 0.23
5.375067 0.24
5.381067 0.25
5.387067 0.26
5.393067 0.27
5.873243 0.88
5.945243 0.06
5.951243 0.28
5.957243 0.29
5.963243 0.3
5.969243 0.31
5.975243 0.32
5.981243 0.33
5.987243 0.34
5.993243 0.35
6.40288 0.36
6.40288 0.37
6.40288 0.38
6.40288 0.39
6.40288 0.4
6.40288 0.41
6.40288 0.42
6.587056 0.43
6.593056 0.44
6.599056 0.45
6.605056 0.46
6.611056 0.47
6.617056 0.48
6.623056 0.49
6.629056 0.5
7.038693 0.51
7.044693 0.52
7.050693 0.53
7.056693 0.54
7.062693 0.55
7.068693 0.56
7.074693 0.57
7.222869 0.58
7.222869 0.59
7.228869 0.6
7.234869 0.61
7.240869 0.62
7.246869 0.63
7.252869 0.64
7.258869 0.65
7.264869 0.66
7.674507 0.67
7.680507 0.68
7.686507 0.69
7.692507 0.7
7.698507 0.71
7.704507 0.72
7.710507 0.73
7.858683 0.74
7.864683 0.75
7.864683 0.76
7.870683 0.77
7.876683 0.78
7.882683 0.79
7.888683 0.8
7.894683 0.81
7.900683 0.82
7.906683 0.83
8.31032 0.84
8.31632 0.85
8.32232 0.86
8.32832 0.87
8.33432 0.88
8.34032 0.89
8.34632 0
8.494496 0.01
8.500496 0.02
8.506496 0.03
8.512496 0.04
8.512496 0.05
8.518496 0.06
8.524496 0.07
8.530496 0.08
8.536496 0.09
8.542496 0.1
8.548496 0.11
8.946133 0.12
8.952133 0.13
8.958133 0.14
8.964133 0.15
8.970133 0.16
8.976133 0.17
8.982133 0.18
9.130309 0.19
9.136309 0.2
9.142309 0.21
9.148309 0.22
9.154309 0.23
9.154309 0.24
9.160309 0.25
9.166309 0.26
9.172672 0.27
9.178672 0.28
9.184672 0.08
9.766123 0.29
9.766123 0.3
9.772123 0.31
9.772123 0.32
9.784485 0.21
9.790485 0.33
9.796485 0.34
9.802485 0.35
9.808485 0.36
9.814485 0.37
9.820485 0.38
9.826485 0.39
10.413936 0.4
10.419936 0.41
10.431936 0.42
10.431936 0.43
10.437936 0.44
10.443936 0.45
10.449936 0.46
10.455936 0.47
10.461936 0.48
10.467936 0.49
11.049749 0.5
11.055749 0.51
11.067749 0.52
11.073749 0.53
11.073749 0.54
11.079749 0.55
11.085749 0.56
11.091749 0.57
11.097749 0.58
11.103749 0.59
11.109749 0.6
11.685563 0.61
11.691563 0.62
11.703563 0.63
11.709563 0.64
11.715563 0.65
11.721563 0.66
11.721563 0.67
11.727563 0.68
11.733563 0.69
11.739563 0.7
11.745563 0.71
11.751563 0.72
12.321376 0.73
12.327376 0.74
12.339376 0.75
12.345376 0.76
12.351376 0.77
12.357376 0.78
12.363376 0.79
12.363376 0.8
12.369376 0.81
12.375376 0.82
12.381376 0.83
12.387376 0.84
12.393376 0.85
12.957189 0.86
12.963189 0.87
12.975189 0.88
12.981189 0.89
12.987189 0
12.993189 0.01
12.999189 0.02
13.005189 0.03
13.011189 0.04
13.011189 0.05
13.017189 0.06
13.023189 0.07
13.029189 0.08
13.035189 0.09
13.593003 0.1
13.599003 0.11
13.611003 0.12
13.617003 0.13
13.623003 0.14
13.629003 0.15
13.635003 0.16
13.641003 0.17
13.647003 0.18
13.653003 0.19
13.653003 0.2
13.659003 0.21
13.665003 0.22
13.671003 0.23
13.677003 0.24
14.228816 0.25
14.234816 0.26
14.246816 0.27
14.252816 0.28
14.258816 0.29
14.264816 0.3
14.270816 0.31
14.276816 0.32
14.282816 0.33
14.288816 0.34
14.294816 0.35
14.300816 0.36
14.300816 0.37
14.306816 0.38
14.312816 0.39
14.318816 0.4
14.864629 0.41
14.870629 0.42
14.882629 0.43
14.888629 0.44
14.894629 0.45
14.900629 0.46
14.906629 0.47
14.912629 0.48
14.918629 0.49
14.924629 0.5
14.930629 0.51
14.936629 0.52
14.942629 0.53
14.942629 0.54
14.948629 0.55
14.954629 0.56
14.960629 0.57
15.500443 0.58
15.506443 0.59
15.518443 0.6
15.524443 0.61
15.530443 0.62
15.536443 0.63
15.542443 0.64
15.548443 0.65
15.554443 0.66
15.560443 0.67
15.566443 0.68
15.572443 0.69
15.578443 0.7
15.584443 0.71
15.590443 0.72
15.590443 0.73
15.596443 0.74
15.602443 0.75
16.136256 0.76
16.142256 0.77
16.154256 0.78
16.160256 0.79
16.166256 0.8
16.172256 0.81
16.178256 0.82
16.184256 0.83
16.190256 0.84
16.196256 0.85
16.202256 0.86
16.208256 0.87
16.214256 0.88
16.220256 0.89
16.226256 0
16.232256 0.01
16.232256 0.02
16.238256 0.03
16.244256 0.04
16.772069 0.05
16.778069 0.06
16.790069 0.07
16.796069 0.08
16.802069 0.09
16.808069 0.1
16.814069 0.11
16.820069 0.12
16.826069 0.13
16.832069 0.14
16.838069 0.15
16.844069 0.16
16.850069 0.17
16.856069 0.18
16.862069 0.19
16.868069 0.2
16.874069 0.21
16.874069 0.22
16.880069 0.23
16.886069 0.24
17.407883 0.25
17.413883 0.26
17.425883 0.27
17.431883 0.28
17.437883 0.29
17.443883 0.3
17.449883 0.31
17.455883 0.32
17.461883 0.33
17.467883 0.34
17.473883 0.35
17.479883 0.36
17.485883 0.37
17.491883 0.38
17.497883 0.39
17.503883 0.4
17.509883 0.41
17.515883 0.42
17.521883 0.43
17.521883 0.44
17.527883 0.45
18.043696 0.46
18.049696 0.47
18.061696 0.48
18.067696 0.49
18.073696 0.5
18.079696 0.51
18.085696 0.52
18.091696 0.53
18.097696 0.54
18.103696 0.55
18.109696 0.56
18.115696 0.57
18.121696 0.58
18.127696 0.59
18.133696 0.6
18.139696 0.61
18.145696 0.62
18.151696 0.63
18.157696 0.64
18.163696 0.65
18.163696 0.66
18.169696 0.67
18.679509 0.68
18.685509 0.69
18.697509 0.7
18.703509 0.71
18.709509 0.72
18.715509 0.73
18.721509 0.74
18.727509 0.75
18.733509 0.76
18.739509 0.77
18.745509 0.78
18.751509 0.79
18.757509 0.8
18.763509 0.81
18.769509 0.82
18.775509 0.83
18.781509 0.84
18.787509 0.85
18.793509 0.86
18.799509 0.87
18.805509 0.88
18.811509 0.89
18.811509 0
19.315323 0.01
19.321323 0.02
19.333323 0.03
19.339323 0.04
19.345323 0.05
19.351323 0.06
19.357323 0.07
19.363323 0.08
19.369323 0.09
19.375323 0.1
19.381323 0.11
19.387323 0.12
19.393323 0.13
19.399323 0.14
19.405323 0.15
19.411323 0.16
19.417323 0.17
19.423323 0.18
19.429323 0.19
19.435323 0.2
19.441323 0.21
19.447323 0.22
19.453323 0.23
19.453323 0.24
19.951136 0.25
19.957136 0.26
19.969136 0.27
19.975136 0.28
19.981136 0.29
19.987136 0.3
19.993136 0.31
19.999136 0.32
20.005136 0.33
20.011136 0.34
20.017136 0.35
20.023136 0.36
20.029136 0.37
20.035136 0.38
20.041136 0.39
20.047136 0.4
20.053136 0.41
20.059136 0.42
20.065136 0.43
20.071136 0.44
20.077136 0.45
20.083136 0.46
20.089136 0.47
20.095136 0.48
20.586949 0.49
20.586949 0.5
20.592949 0.51
20.611312 0.52
20.617312 0.53
20.623312 0.27
20.701312 0.54
20.707312 0.55
20.713312 0.56
21.104949 0.57
21.104949 0.58
21.104949 0.59
21.104949 0.6
21.104949 0.61
21.222763 0.62
21.222763 0.63
21.228763 0.64
21.228763 0.65
21.234763 0.66
21.234763 0.67
21.247125 0.68
21.247125 0.69
21.746763 0.7
21.752763 0.71
21.752763 0.72
21.758763 0.73
21.858939 0.74
21.864939 0.75
21.870939 0.61
22.256763 0.76
22.382576 0.77
22.382576 0.78
22.388576 0.79
22.388576 0.8
22.394576 0.81
22.394576 0.82
22.400576 0.83
22.400576 0.84
22.494752 0.85
22.494752 0.86
23.036389 0.87
23.042389 0.88
23.048389 0.89
23.054389 0
23.060389 0.01
23.130565 0.02
23.136565 0.03
23.136565 0.04
23.672203 0.05
23.678203 0.06
23.684203 0.07
23.690203 0.08
23.696203 0.09
23.766379 0.1
23.772379 0.11
23.778379 0.12
23.778379 0.13
24.308016 0.14
24.314016 0.15
24.320016 0.16
24.326016 0.17
24.332016 0.18
24.402192 0.19
24.408192 0.2
24.414192 0.21
24.420192 0.22
24.943829 0.23
24.943829 0.24
24.949829 0.25
24.955829 0.26
24.961829 0.27
24.967829 0.28
25.038005 0.29
25.044005 0.3
25.050005 0.31
25.056005 0.32
25.579643 0.33
25.585643 0.34
25.585643 0.35
25.591643 0.36
25.597643 0.37
25.603643 0.38
25.609643 0.39
25.673819 0.4
25.679819 0.41
25.685819 0.42
25.691819 0.43
26.215456 0.44
26.221456 0.45
26.227456 0.46
26.233456 0.47
26.233456 0.48
26.239456 0.49
26.245456 0.5
26.251456 0.51
26.309632 0.52
26.315632 0.53
26.321632 0.54
26.327632 0.55
26.851269 0.56
26.857269 0.57
26.863269 0.58
26.869269 0.59
26.875269 0.6
26.875269 0.61
26.881269 0.62
26.887269 0.63
26.893269 0.64
26.945445 0.65
26.951445 0.66
26.957445 0.67
26.963445 0.68
27.487083 0.69
27.493083 0.7
27.499083 0.71
27.505083 0.72
27.511083 0.73
27.517083 0.74
27.523083 0.75
27.523083 0.76
27.529083 0.77
27.535083 0.78
27.581259 0.79
27.587259 0.8
27.593259 0.81
27.599259 0.82
28.122896 0.83
28.128896 0.84
28.134896 0.85
28.140896 0.86
28.146896 0.87
28.152896 0.88
28.158896 0.89
28.164896 0
28.164896 0.01
28.170896 0.02
28.176896 0.03
28.217072 0.04
28.223072 0.05
28.229072 0.06
28.235072 0.07
28.758709 0.08
28.764709 0.09
28.770709 0.1
28.776709 0.11
28.782709 0.12
28.788709 0.13
28.794709 0.14
28.800709 0.15
28.806709 0.16
28.812709 0.17
28.812709 0.18
28.818709 0.19
28.859248 0.2
28.865248 0.21
28.871248 0.04
29.406523 0.22
29.412523 0.23
29.412523 0.24
29.418523 0.25
29.418523 0.26
29.424523 0.27
29.424523 0.28
29.430523 0.29
29.430523 0.3
29.436523 0.31
29.436523 0.32
29.442523 0.33
29.442523 0.34
29.448523 0.35
29.448523 0.36
29.454523 0.37
29.454523 0.38
29.460523 0.39
29.460523 0.4
29.495061 0.41
29.495061 0.42
 
 
 
 
