0.10000000000000001 1
0.20000000000000001 1
0.30000000000000004 1
0.40000000000000002 1
0.5 1
0.59999999999999998 1
0.69999999999999996 1
0.79999999999999993 1
0.89999999999999991 1
0.99999999999999989 1
1.0999999999999999 1
1.2 1
1.3 1
1.4000000000000001 1
1.5000000000000002 2
1.6000000000000003 2
1.7000000000000004 2
1.8000000000000005 2
1.9000000000000006 3
2.0000000000000004 3
2.1000000000000005 3
2.2000000000000006 3
2.3000000000000007 3
2.4000000000000008 4
2.5000000000000009 5
2.600000000000001 5
2.7000000000000011 5
2.8000000000000012 6
2.9000000000000012 7
3.0000000000000013 8
3.1000000000000014 8
3.2000000000000015 9
3.3000000000000016 11
3.4000000000000017 12
3.5000000000000018 12
3.6000000000000019 13
3.700000000000002 16
3.800000000000002 18
3.9000000000000021 18
4.0000000000000018 19
4.1000000000000014 22
4.2000000000000011 25
4.3000000000000007 27
4.4000000000000004 28
4.5 31
4.5999999999999996 33
4.6999999999999993 36
4.7999999999999989 40
4.8999999999999986 43
4.9999999999999982 46
5.0999999999999979 49
5.1999999999999975 52
5.2999999999999972 55
5.3999999999999968 59
5.4999999999999964 62
5.5999999999999961 64
5.6999999999999957 67
5.7999999999999954 70
5.899999999999995 74
5.9999999999999947 77
6.0999999999999943 80
6.199999999999994 83
6.2999999999999936 86
6.3999999999999932 89
6.4999999999999929 93
6.5999999999999925 96
6.6999999999999922 99
6.7999999999999918 101
6.8999999999999915 104
6.9999999999999911 108
7.0999999999999908 111
7.1999999999999904 55.5
7.2999999999999901 55.5
7.3999999999999897 55.5
7.4999999999999893 55.5
7.599999999999989 55.5
7.6999999999999886 55.5
7.7999999999999883 55.5
7.8999999999999879 55.5
7.9999999999999876 55.5
8.0999999999999872 55.5
8.1999999999999869 55.5
8.2999999999999865 55.5
8.3999999999999861 55.5
8.4999999999999858 55.5
8.5999999999999854 55.5
8.6999999999999851 55.5
8.7999999999999847 55.5
8.8999999999999844 55.5
8.999999999999984 55.5
9.0999999999999837 55.5
9.1999999999999833 55.5
9.2999999999999829 55.5
9.3999999999999826 55.5
9.4999999999999822 55.5
9.5999999999999819 55.5
9.6999999999999815 1
9.7999999999999812 1
9.8999999999999808 1
9.9999999999999805 2
10.09999999999998 2
10.19999999999998 2
10.299999999999979 2
10.399999999999979 4
10.499999999999979 4
10.599999999999978 4
10.699999999999978 4
10.799999999999978 5
10.899999999999977 6
10.999999999999977 6
11.099999999999977 6
11.199999999999976 7
11.299999999999976 8
11.399999999999975 8
11.499999999999975 8
11.599999999999975 10
11.699999999999974 12
11.799999999999974 12
11.899999999999974 12
11.999999999999973 14
12.099999999999973 16
12.199999999999973 17
12.299999999999972 17
12.399999999999972 19
12.499999999999972 22
12.599999999999971 23
12.699999999999971 24
12.799999999999971 25
12.89999999999997 26
12.99999999999997 27.037
13.099999999999969 27.111
13.199999999999969 27.1847
13.299999999999969 27.2582
13.399999999999968 27.2582
13.499999999999968 27.2582
13.599999999999968 27.2582
13.699999999999967 27.2582
13.799999999999967 27.2949
13.899999999999967 27.4047
13.999999999999966 27.5503
14.099999999999966 27.6591
14.199999999999966 27.7674
14.299999999999965 27.8394
14.399999999999965 27.947
14.499999999999964 28.0898
14.599999999999964 28.1965
14.699999999999964 28.3028
14.799999999999963 28.4086
14.899999999999963 28.5141
14.999999999999963 28.6192
15.099999999999962 28.7239
15.199999999999962 28.8282
15.299999999999962 28.9321
15.399999999999961 29.0357
15.499999999999961 29.1389
15.599999999999961 29.2759
15.69999999999996 29.3783
15.79999999999996 29.4463
15.899999999999959 29.5481
15.999999999999959 29.6495
16.099999999999959 29.7842
16.19999999999996 29.8848
16.299999999999962 29.9851
16.399999999999963 30.085
16.499999999999964 30.1846
16.599999999999966 30.2839
16.699999999999967 30.3829
16.799999999999969 30.4815
16.89999999999997 30.5798
16.999999999999972 30.6778
17.099999999999973 30.7755
17.199999999999974 30.9053
17.299999999999976 31.0022
17.399999999999977 31.0667
17.499999999999979 31.1632
17.59999999999998 31.2593
17.699999999999982 31.3552
17.799999999999983 31.4826
17.899999999999984 31.5778
17.999999999999986 31.6727
18.099999999999987 31.7673
18.199999999999989 31.8617
18.29999999999999 31.9557
18.399999999999991 32.0495
18.499999999999993 32.143
18.599999999999994 32.2363
18.699999999999996 32.3292
18.799999999999997 32.422
18.899999999999999 32.5452
19 32.6372
19.100000000000001 32.6985
19.200000000000003 32.7902
19.300000000000004 32.8816
19.400000000000006 33.003
19.500000000000007 33.0939
19.600000000000009 33.1844
19.70000000000001 33.2748
19.800000000000011 33.3648
19.900000000000013 33.4547
20.000000000000014 33.5443
20.100000000000016 33.6336
20.200000000000017 33.7227
20.300000000000018 33.8116
20.40000000000002 33.9003
20.500000000000021 34.0181
20.600000000000023 34.1062
20.700000000000024 34.1648
20.800000000000026 34.2526
20.900000000000027 34.3401
21.000000000000028 34.4564
21.10000000000003 34.5434
21.200000000000031 34.6302
21.300000000000033 34.7167
21.400000000000034 34.8031
21.500000000000036 34.8892
21.600000000000037 34.9751
21.700000000000038 35.0608
21.80000000000004 35.1463
21.900000000000041 35.2316
22.000000000000043 35.3167
22.100000000000044 35.4298
22.200000000000045 35.5144
22.300000000000047 35.5707
22.400000000000048 35.655
22.50000000000005 35.7391
22.600000000000051 35.8509
22.700000000000053 35.9345
22.800000000000054 36.0179
22.900000000000055 36.1011
23.000000000000057 36.1842
23.100000000000058 36.267
23.20000000000006 36.3497
23.300000000000061 36.4321
23.400000000000063 36.5144
23.500000000000064 36.5965
23.600000000000065 36.6784
23.700000000000067 36.7874
23.800000000000068 36.8688
23.90000000000007 36.9231
24.000000000000071 37.0043
24.100000000000072 37.0853
24.200000000000074 37.193
24.300000000000075 37.2736
24.400000000000077 37.354
24.500000000000078 37.4343
24.60000000000008 37.5144
24.700000000000081 37.5943
24.800000000000082 37.674
24.900000000000084 37.7536
25.000000000000085 37.833
25.100000000000087 37.9123
25.200000000000088 37.9913
25.30000000000009 38.0965
25.400000000000091 38.1752
25.500000000000092 38.2276
25.600000000000094 38.306
25.700000000000095 38.3843
25.800000000000097 38.4884
25.900000000000098 38.5663
26.000000000000099 38.644
26.100000000000101 38.7216
26.200000000000102 38.799
26.300000000000104 38.8763
26.400000000000105 38.9534
26.500000000000107 39.0304
26.600000000000108 39.1072
26.700000000000109 39.1838
26.800000000000111 39.2603
26.900000000000112 39.3621
27.000000000000114 39.4383
27.100000000000115 39.5143
27.200000000000117 39.5649
27.300000000000118 39.6407
27.400000000000119 39.7415
27.500000000000121 39.8169
27.600000000000122 39.8922
27.700000000000124 39.9674
27.800000000000125 40.0424
27.900000000000126 40.1173
28.000000000000128 40.192
28.100000000000129 40.2666
28.200000000000131 40.3411
28.300000000000132 40.4154
28.400000000000134 40.4896
28.500000000000135 40.5883
28.600000000000136 40.6621
28.700000000000138 40.7359
28.800000000000139 40.785
28.900000000000141 40.8585
29.000000000000142 40.9563
29.100000000000144 41.0295
29.200000000000145 41.1026
29.300000000000146 41.1755
29.400000000000148 41.2483
29.500000000000149 41.321
29.600000000000151 41.3936
29.700000000000152 41.466
29.800000000000153 41.5383
29.900000000000155 41.6105
30.000000000000156 41.6825
30.100000000000158 41.7784
30.200000000000159 41.8502
30.300000000000161 41.9218
30.400000000000162 41.9695
30.500000000000163 42.041
30.600000000000165 42.136
30.700000000000166 42.2072
30.800000000000168 42.2782
30.900000000000169 42.3491
31.000000000000171 42.4199
31.100000000000172 42.4906
31.200000000000173 42.5612
31.300000000000175 42.6316
31.400000000000176 42.702
31.500000000000178 42.7722
31.600000000000179 42.8423
31.70000000000018 42.9356
31.800000000000182 43.0054
31.900000000000183 43.0751
32.000000000000185 43.1216
32.100000000000186 43.1911
32.200000000000188 43.2836
32.300000000000189 43.3529
32.40000000000019 43.4221
32.500000000000192 43.4911
32.600000000000193 43.5601
32.700000000000195 43.6289
32.800000000000196 43.6976
32.900000000000198 43.7662
33.000000000000199 43.8347
33.1000000000002 43.9031
33.200000000000202 43.9714
33.300000000000203 44.0623
33.400000000000205 44.1304
33.500000000000206 44.1983
33.600000000000207 44.2436
33.700000000000209 44.3113
33.80000000000021 44.4016
33.900000000000212 44.4691
34.000000000000213 44.5365
34.100000000000215 44.6038
34.200000000000216 44.6711
34.300000000000217 44.7382
34.400000000000219 44.8052
34.50000000000022 44.8721
34.600000000000222 44.939
34.700000000000223 45.0057
34.800000000000225 45.0723
34.900000000000226 45.161
35.000000000000227 45.2274
35.100000000000229 45.2937
35.20000000000023 45.3599
35.300000000000232 45.404
35.400000000000233 45.492
35.500000000000234 45.5579
35.600000000000236 45.6237
35.700000000000237 45.6895
35.800000000000239 45.7551
35.90000000000024 45.8206
36.000000000000242 45.8861
36.100000000000243 45.9514
36.200000000000244 46.0167
36.300000000000246 46.0818
36.400000000000247 46.1469
36.500000000000249 46.2335
36.60000000000025 46.2984
36.700000000000252 46.3631
36.800000000000253 46.4278
36.900000000000254 46.4709
37.000000000000256 46.5569
37.100000000000257 46.6213
37.200000000000259 46.6856
37.30000000000026 46.7499
37.400000000000261 46.814
37.500000000000263 46.8781
37.600000000000264 46.9633
37.700000000000266 47.0059
37.800000000000267 47.0697
37.900000000000269 47.1334
38.00000000000027 47.197
38.100000000000271 47.2606
38.200000000000273 47.3451
38.300000000000274 47.4085
38.400000000000276 47.4717
38.500000000000277 47.5138
38.600000000000279 47.577
38.70000000000028 47.661
38.800000000000281 47.7239
38.900000000000283 47.7867
39.000000000000284 47.8495
39.100000000000286 47.9121
39.200000000000287 47.9747
39.300000000000288 48.0372
39.40000000000029 48.0997
39.500000000000291 48.162
39.600000000000293 48.2243
39.700000000000294 48.2865
39.800000000000296 48.3692
39.900000000000297 48.4312
40.000000000000298 48.4932
40.1000000000003 48.5344
40.200000000000301 48.5962
40.300000000000303 48.6784
40.400000000000304 48.74
40.500000000000306 48.8016
40.600000000000307 48.863
40.700000000000308 48.9244
40.80000000000031 48.9857
40.900000000000311 49.0469
41.000000000000313 49.108
41.100000000000314 49.1691
41.200000000000315 49.2301
41.300000000000317 49.291
41.400000000000318 49.3721
41.50000000000032 49.4328
41.600000000000321 49.4935
41.700000000000323 49.5339
41.800000000000324 49.5944
41.900000000000325 49.675
42.000000000000327 49.7354
42.100000000000328 49.7957
42.20000000000033 49.8559
42.300000000000331 49.9161
42.400000000000333 49.9762
42.500000000000334 50.0362
42.600000000000335 50.0961
42.700000000000337 50.156
42.800000000000338 50.2157
42.90000000000034 50.2755
43.000000000000341 50.355
43.100000000000342 50.4145
43.200000000000344 50.474
43.300000000000345 50.5334
43.400000000000347 50.573
43.500000000000348 50.652
43.60000000000035 50.7112
43.700000000000351 50.7704
43.800000000000352 50.8294
43.900000000000354 50.8884
44.000000000000355 50.9474
44.100000000000357 51.0258
44.200000000000358 51.065
44.30000000000036 51.1238
44.400000000000361 51.1824
44.500000000000362 51.241
44.600000000000364 51.319
44.700000000000365 51.3775
44.800000000000367 51.4358
44.900000000000368 51.4941
45.000000000000369 51.533
45.100000000000371 51.6105
45.200000000000372 51.6686
45.300000000000374 51.7267
45.400000000000375 51.7847
45.500000000000377 51.8426
45.600000000000378 51.9004
45.700000000000379 51.9774
45.800000000000381 52.0159
45.900000000000382 52.0736
46.000000000000384 52.1312
46.100000000000385 52.1887
46.200000000000387 52.2653
46.300000000000388 52.3227
46.400000000000389 52.38
46.500000000000391 52.4372
46.600000000000392 52.4754
46.700000000000394 52.5516
46.800000000000395 52.6086
46.900000000000396 52.6656
47.000000000000398 52.7226
47.100000000000399 52.7795
47.200000000000401 52.8363
47.300000000000402 52.9119
47.400000000000404 52.9497
47.500000000000405 53.0064
47.600000000000406 53.0629
47.700000000000408 53.1195
47.800000000000409 53.1947
47.900000000000411 53.2511
48.000000000000412 53.3074
48.100000000000414 53.3637
48.200000000000415 53.4011
48.300000000000416 53.476
48.400000000000418 53.5321
48.500000000000419 53.5881
48.600000000000421 53.6441
48.700000000000422 53.7
48.800000000000423 53.7558
48.900000000000425 53.8302
49.000000000000426 53.8673
49.100000000000428 53.923
49.200000000000429 53.9786
49.300000000000431 54.0342
49.400000000000432 54.1082
49.500000000000433 54.1636
49.600000000000435 54.219
49.700000000000436 54.2743
49.800000000000438 54.3111
49.900000000000439 54.3847
50.000000000000441 54.4399
50.100000000000442 54.495
50.200000000000443 54.55
50.300000000000445 54.605
50.400000000000446 54.6599
50.500000000000448 54.7331
50.600000000000449 54.7696
50.70000000000045 54.8243
50.800000000000452 54.879
50.900000000000453 54.9337
51.000000000000455 55.0065
51.100000000000456 55.061
51.200000000000458 55.1155
51.300000000000459 55.1699
51.40000000000046 55.2242
51.500000000000462 55.2785
51.600000000000463 55.3328
51.700000000000465 55.387
51.800000000000466 55.4411
51.900000000000468 55.4952
52.000000000000469 55.5493
52.10000000000047 55.6212
52.200000000000472 55.6572
52.300000000000473 55.7111
52.400000000000475 55.7649
52.500000000000476 55.8187
52.600000000000477 55.8903
52.700000000000479 55.944
52.80000000000048 55.9976
52.900000000000482 56.0511
53.000000000000483 56.1046
53.100000000000485 56.1581
53.200000000000486 56.2115
53.300000000000487 56.2649
53.400000000000489 56.3182
53.50000000000049 56.3714
53.600000000000492 56.4246
53.700000000000493 56.4955
53.800000000000495 56.5486
53.900000000000496 56.5839
54.000000000000497 56.6369
54.100000000000499 56.6899
54.2000000000005 56.7604
54.300000000000502 56.8132
54.400000000000503 56.866
54.500000000000504 56.9188
54.600000000000506 56.9715
54.700000000000507 57.0241
54.800000000000509 57.0767
54.90000000000051 57.1292
55.000000000000512 57.1817
55.100000000000513 57.2342
55.200000000000514 57.2866
55.300000000000516 57.3564
55.400000000000517 57.4087
55.500000000000519 57.4435
55.60000000000052 57.4957
55.700000000000522 57.5479
55.800000000000523 57.6173
55.900000000000524 57.6694
56.000000000000526 57.7214
56.100000000000527 57.7734
56.200000000000529 57.8253
56.30000000000053 57.8771
56.400000000000531 57.929
56.500000000000533 57.9807
56.600000000000534 58.0325
56.700000000000536 58.0841
56.800000000000537 58.1358
56.900000000000539 58.2045
57.00000000000054 58.2561
57.100000000000541 58.2904
57.200000000000543 58.3418
57.300000000000544 58.3932
57.400000000000546 58.4617
57.500000000000547 58.513
57.600000000000549 58.5643
57.70000000000055 58.6155
57.800000000000551 58.6667
57.900000000000553 58.7007
58.000000000000554 58.7689
58.100000000000556 58.8199
58.200000000000557 58.8709
58.300000000000558 58.9218
58.40000000000056 58.9727
58.500000000000561 59.0236
58.600000000000563 59.0913
58.700000000000564 59.1252
58.800000000000566 59.1759
58.900000000000567 59.2266
59.000000000000568 59.2772
59.10000000000057 59.3447
59.200000000000571 59.3952
59.300000000000573 59.4457
59.400000000000574 59.4961
59.500000000000576 59.5297
59.600000000000577 59.5969
59.700000000000578 59.6472
59.80000000000058 59.6975
59.900000000000581 59.7478
60.000000000000583 59.798
60.100000000000584 59.8481
60.200000000000585 59.9149
60.300000000000587 59.9483
60.400000000000588 59.9983
60.50000000000059 60.0483
60.600000000000591 60.0983
60.700000000000593 60.1648
60.800000000000594 60.2146
60.900000000000595 60.2644
61.000000000000597 60.3142
61.100000000000598 60.3474
61.2000000000006 60.4136
61.300000000000601 60.4633
61.400000000000603 60.5129
61.500000000000604 60.5624
61.600000000000605 60.612
61.700000000000607 60.6614
61.800000000000608 60.7273
61.90000000000061 60.7603
62.000000000000611 60.8096
62.100000000000612 60.859
62.200000000000614 60.9082
62.300000000000615 60.9739
62.400000000000617 61.0231
62.500000000000618 61.0722
62.60000000000062 61.1213
62.700000000000621 61.1541
62.800000000000622 61.2194
62.900000000000624 61.2684
63.000000000000625 61.3174
63.100000000000627 61.3663
63.200000000000628 61.4152
63.30000000000063 61.464
63.400000000000631 61.529
63.500000000000632 61.5616
63.600000000000634 61.6103
63.700000000000635 61.6589
63.800000000000637 61.7076
63.900000000000638 61.7724
64.000000000000639 61.8209
64.100000000000634 61.8695
64.200000000000628 61.9179
64.300000000000622 61.9664
64.400000000000617 62.0148
64.500000000000611 62.0631
64.600000000000605 62.1115
64.7000000000006 62.1597
64.800000000000594 62.208
64.900000000000588 62.2562
65.000000000000583 62.3204
65.100000000000577 62.3525
65.200000000000571 62.4006
65.300000000000566 62.4487
65.40000000000056 62.4967
65.500000000000554 62.5607
65.600000000000549 62.6086
65.700000000000543 62.6565
65.800000000000537 62.7044
65.900000000000531 62.7522
66.000000000000526 62.8
66.10000000000052 62.8478
66.200000000000514 62.8955
66.300000000000509 62.9432
66.400000000000503 62.9909
66.500000000000497 63.0385
66.600000000000492 63.1019
66.700000000000486 63.1494
66.80000000000048 63.1811
66.900000000000475 63.2286
67.000000000000469 63.276
67.100000000000463 63.3392
67.200000000000458 63.3865
67.300000000000452 63.4339
67.400000000000446 63.4811
67.500000000000441 63.5284
67.600000000000435 63.5756
67.700000000000429 63.6228
67.800000000000423 63.6699
67.900000000000418 63.717
68.000000000000412 63.7641
68.100000000000406 63.8111
68.200000000000401 63.8738
68.300000000000395 63.9207
68.400000000000389 63.952
68.500000000000384 63.9989
68.600000000000378 64.0458
68.700000000000372 64.1082
68.800000000000367 64.155
68.900000000000361 64.2018
69.000000000000355 64.2485
69.10000000000035 64.2952
69.200000000000344 64.3418
69.300000000000338 64.3884
69.400000000000333 64.435
69.500000000000327 64.4816
69.600000000000321 64.5281
69.700000000000315 64.5745
69.80000000000031 64.6365
69.900000000000304 64.6829
70.000000000000298 64.7138
70.100000000000293 64.7601
70.200000000000287 64.8064
70.300000000000281 64.8681
70.400000000000276 64.9144
70.50000000000027 64.9606
70.600000000000264 65.0068
70.700000000000259 65.0529
70.800000000000253 65.099
70.900000000000247 65.1451
71.000000000000242 65.1911
71.100000000000236 65.2371
71.20000000000023 65.2831
71.300000000000225 65.329
71.400000000000219 65.3903
71.500000000000213 65.4361
71.600000000000207 65.4667
71.700000000000202 65.5125
71.800000000000196 65.5583
71.90000000000019 65.6193
72.000000000000185 65.665
72.100000000000179 65.7107
72.200000000000173 65.7563
72.300000000000168 65.8019
72.400000000000162 65.8475
72.500000000000156 65.893
72.600000000000151 65.9386
72.700000000000145 65.984
72.800000000000139 66.0295
72.900000000000134 66.0749
73.000000000000128 66.1354
73.100000000000122 66.1808
73.200000000000117 66.211
73.300000000000111 66.2563
73.400000000000105 66.3016
73.500000000000099 66.3619
73.600000000000094 66.4071
73.700000000000088 66.4522
73.800000000000082 66.4974
73.900000000000077 66.5425
74.000000000000071 66.5876
74.100000000000065 66.6326
74.20000000000006 66.6776
74.300000000000054 66.7226
74.400000000000048 66.7675
74.500000000000043 66.8125
74.600000000000037 66.8723
74.700000000000031 66.9172
74.800000000000026 66.9471
74.90000000000002 66.9919
75.000000000000014 67.0366
75.100000000000009 67.0963
75.200000000000003 67.141
75.299999999999997 67.1857
75.399999999999991 67.2303
75.499999999999986 67.2749
75.59999999999998 67.3195
75.699999999999974 67.364
75.799999999999969 67.4086
75.899999999999963 67.4531
75.999999999999957 67.4975
76.099999999999952 67.542
76.199999999999946 67.6012
76.29999999999994 67.6455
76.399999999999935 67.6751
76.499999999999929 67.7194
76.599999999999923 67.7637
76.699999999999918 67.8227
76.799999999999912 67.8669
76.899999999999906 67.9111
76.999999999999901 67.9553
77.099999999999895 67.9994
77.199999999999889 68.0288
77.299999999999883 68.0876
77.399999999999878 68.1317
77.499999999999872 68.1757
77.599999999999866 68.2197
77.699999999999861 68.2637
77.799999999999855 68.3222
77.899999999999849 68.3661
77.999999999999844 68.3954
78.099999999999838 68.4392
78.199999999999832 68.4831
78.299999999999827 68.5269
78.399999999999821 68.5852
78.499999999999815 68.629
78.59999999999981 68.6727
78.699999999999804 68.7163
78.799999999999798 68.76
78.899999999999793 68.8036
78.999999999999787 68.8472
79.099999999999781 68.8908
79.199999999999775 68.9343
79.29999999999977 68.9778
79.399999999999764 69.0213
79.499999999999758 69.0792
79.599999999999753 69.1226
79.699999999999747 69.1516
79.799999999999741 69.195
79.899999999999736 69.2383
79.99999999999973 69.2961
80.099999999999724 69.3393
80.199999999999719 69.3826
80.299999999999713 69.4258
80.399999999999707 69.469
80.499999999999702 69.5122
80.599999999999696 69.5553
80.69999999999969 69.5985
80.799999999999685 69.6416
80.899999999999679 69.6846
80.999999999999673 69.7277
81.099999999999667 69.785
81.199999999999662 69.828
81.299999999999656 69.8566
81.39999999999965 69.8996
81.499999999999645 69.9425
81.599999999999639 69.9997
81.699999999999633 70.0425
81.799999999999628 70.0853
81.899999999999622 70.1281
81.999999999999616 70.1709
82.099999999999611 70.2136
82.199999999999605 70.2564
82.299999999999599 70.2991
82.399999999999594 70.3417
82.499999999999588 70.3844
82.599999999999582 70.427
82.699999999999577 70.4838
82.799999999999571 70.5263
82.899999999999565 70.5547
82.999999999999559 70.5972
83.099999999999554 70.6397
83.199999999999548 70.6963
83.299999999999542 70.7387
83.399999999999537 70.7811
83.499999999999531 70.8235
83.599999999999525 70.8658
83.69999999999952 70.9082
83.799999999999514 70.9505
83.899999999999508 70.9927
83.999999999999503 71.035
84.099999999999497 71.0772
84.199999999999491 71.1194
84.299999999999486 71.1756
84.39999999999948 71.2178
84.499999999999474 71.2458
84.599999999999469 71.2879
84.699999999999463 71.33
84.799999999999457 71.3861
84.899999999999451 71.4281
84.999999999999446 71.4701
85.09999999999944 71.5121
85.199999999999434 71.554
85.299999999999429 71.5959
85.399999999999423 71.6378
85.499999999999417 71.6797
85.599999999999412 71.7215
85.699999999999406 71.7633
85.7999999999994 71.8051
85.899999999999395 71.8608
85.999999999999389 71.9026
86.099999999999383 71.9304
86.199999999999378 71.9721
86.299999999999372 72.0138
86.399999999999366 72.0693
86.499999999999361 72.1109
86.599999999999355 72.1525
86.699999999999349 72.1941
86.799999999999343 72.2356
86.899999999999338 72.2771
86.999999999999332 72.3186
87.099999999999326 72.3601
87.199999999999321 72.4016
87.299999999999315 72.443
87.399999999999309 72.4844
87.499999999999304 72.5396
87.599999999999298 72.5809
87.699999999999292 72.6085
87.799999999999287 36.3111
87.899999999999281 36.3111
87.999999999999275 36.3111
88.09999999999927 36.3111
88.199999999999264 36.3111
88.299999999999258 36.3111
88.399999999999253 36.3111
88.499999999999247 36.3111
88.599999999999241 36.3111
88.699999999999235 36.3111
88.79999999999923 36.3111
88.899999999999224 36.3387
88.999999999999218 36.3937
89.099999999999213 36.476
89.199999999999207 36.5582
89.299999999999201 36.6675
89.399999999999196 36.7493
89.49999999999919 36.8309
89.599999999999184 36.8851
89.699999999999179 36.9664
89.799999999999173 37.0745
89.899999999999167 37.1554
89.999999999999162 37.236
90.099999999999156 37.3165
90.19999999999915 37.3969
90.299999999999145 37.477
90.399999999999139 37.557
90.499999999999133 37.6369
90.599999999999127 37.7165
90.699999999999122 37.796
90.799999999999116 37.8753
90.89999999999911 37.9808
90.999999999999105 38.0597
91.099999999999099 38.1123
91.199999999999093 38.1909
91.299999999999088 38.2694
91.399999999999082 38.3739
91.499999999999076 38.452
91.599999999999071 38.5299
91.699999999999065 38.6078
91.799999999999059 38.6854
91.899999999999054 38.7629
91.999999999999048 38.8402
92.099999999999042 38.9174
92.199999999999037 38.9945
92.299999999999031 39.0714
92.399999999999025 39.1481
92.499999999999019 39.2502
92.599999999999014 39.3265
92.699999999999008 39.4028
92.799999999999002 39.4535
92.899999999998997 39.5295
92.999999999998991 39.6306
93.099999999998985 39.7063
93.19999999999898 39.7818
93.299999999998974 39.8571
93.399999999998968 39.9323
93.499999999998963 40.0074
93.599999999998957 40.0824
93.699999999998951 40.1572
93.799999999998946 40.2318
93.89999999999894 40.3064
93.999999999998934 40.3807
94.099999999998929 40.4797
94.199999999998923 40.5538
94.299999999998917 40.6277
94.399999999998911 40.6769
94.499999999998906 40.7506
94.5999999999989 40.8487
94.699999999998894 40.9221
94.799999999998889 40.9954
94.899999999998883 41.0685
94.999999999998877 41.1415
95.099999999998872 41.2144
95.199999999998866 41.2871
95.29999999999886 41.3597
95.399999999998855 41.4322
95.499999999998849 41.5046
95.599999999998843 41.5768
95.699999999998838 41.673
95.799999999998832 41.7449
95.899999999998826 41.8167
95.99999999999882 41.8645
96.099999999998815 41.9362
96.199999999998809 42.0315
96.299999999998803 42.1028
96.399999999998798 42.174
96.499999999998792 42.2451
96.599999999998786 42.3161
96.699999999998781 42.3869
96.799999999998775 42.4577
96.899999999998769 42.5283
96.999999999998764 42.5988
97.099999999998758 42.6692
97.199999999998752 42.7394
97.299999999998747 42.8096
97.399999999998741 42.903
97.499999999998735 42.9729
97.59999999999873 43.0194
97.699999999998724 43.0891
97.799999999998718 43.1587
97.899999999998712 43.2513
97.999999999998707 43.3206
98.099999999998701 43.3898
98.199999999998695 43.4589
98.29999999999869 43.5279
98.399999999998684 43.5968
98.499999999998678 43.6656
98.599999999998673 43.7342
98.699999999998667 43.8028
98.799999999998661 43.8713
98.899999999998656 43.9396
98.99999999999865 44.0306
99.099999999998644 44.0987
99.199999999998639 44.144
99.299999999998633 44.2119
99.399999999998627 44.2797
99.499999999998622 44.37
99.599999999998616 44.4376
99.69999999999861 44.5051
99.799999999998604 44.5724
99.899999999998599 44.6397
99.999999999998593 44.7069
100.09999999999859 44.774
100.19999999999858 44.8409
100.29999999999858 44.9078
100.39999999999857 44.9746
100.49999999999856 45.0412
100.59999999999856 45.13
100.69999999999855 45.1964
100.79999999999855 45.2628
100.89999999999854 45.3069
100.99999999999854 45.3731
101.09999999999853 45.4612
101.19999999999852 45.5272
101.29999999999852 45.593
101.39999999999851 45.6588
101.49999999999851 45.7245
101.5999999999985 45.7901
101.6999999999985 45.8555
101.79999999999849 45.9209
101.89999999999849 45.9862
101.99999999999848 46.0514
102.09999999999847 46.1166
102.19999999999847 46.2032
102.29999999999846 46.2681
102.39999999999846 46.3329
102.49999999999845 46.3761
102.59999999999845 46.4408
102.69999999999844 46.5268
102.79999999999843 46.5913
102.89999999999843 46.6556
102.99999999999842 46.7199
103.09999999999842 46.7841
103.19999999999841 46.8482
103.29999999999841 46.9122
103.3999999999984 46.9761
103.49999999999839 47.0399
103.59999999999839 47.1037
103.69999999999838 47.1674
103.79999999999838 47.2521
103.89999999999837 47.3156
103.99999999999837 47.3789
104.09999999999836 47.4211
104.19999999999835 47.4844
104.29999999999835 47.5686
104.39999999999834 47.6316
104.49999999999834 47.6946
104.59999999999833 47.7574
104.69999999999833 47.8202
104.79999999999832 47.8829
104.89999999999831 47.9455
104.99999999999831 48.0081
105.0999999999983 48.0706
105.1999999999983 48.1329
105.29999999999829 48.1952
105.39999999999829 48.2782
105.49999999999828 48.3403
105.59999999999827 48.4023
105.69999999999827 48.4436
105.79999999999826 48.5055
105.89999999999826 48.5879
105.99999999999825 48.6497
106.09999999999825 48.7113
106.19999999999824 48.7729
106.29999999999824 48.8344
106.39999999999823 48.8958
106.49999999999822 48.9571
106.59999999999822 49.0183
106.69999999999821 49.0795
106.79999999999821 49.1406
106.8999999999982 49.2016
106.9999999999982 49.2829
107.09999999999819 49.3437
107.19999999999818 49.4045
107.29999999999818 49.445
107.39999999999817 49.5056
107.49999999999817 49.5864
107.59999999999816 49.6469
107.69999999999816 49.7073
107.79999999999815 49.7676
107.89999999999814 49.8278
107.99999999999814 49.888
108.09999999999813 49.9481
108.19999999999813 50.0082
108.29999999999812 50.0681
108.39999999999812 50.128
108.49999999999811 50.1879
108.5999999999981 50.2675
108.6999999999981 50.3272
108.79999999999809 50.3868
108.89999999999809 50.4264
108.99999999999808 50.4859
109.09999999999808 50.5651
109.19999999999807 50.6244
109.29999999999806 50.6836
109.39999999999806 50.7428
109.49999999999805 50.8019
109.59999999999805 50.8609
109.69999999999804 50.9199
109.79999999999804 50.9788
109.89999999999803 51.0376
109.99999999999802 51.0964
110.09999999999802 51.1551
110.19999999999801 51.2332
110.29999999999801 51.2917
110.399999999998 51.3502
110.499999999998 51.4086
110.59999999999799 51.4475
110.69999999999798 51.5252
110.79999999999798 51.5834
110.89999999999797 51.6416
110.99999999999797 51.6996
111.09999999999796 51.7576
111.19999999999796 51.8156
111.29999999999795 51.8927
111.39999999999795 51.9313
111.49999999999794 51.989
111.59999999999793 52.0467
111.69999999999793 52.1043
111.79999999999792 52.181
111.89999999999792 52.2385
111.99999999999791 52.2959
112.09999999999791 52.3533
112.1999999999979 52.3915
112.29999999999789 52.4678
112.39999999999789 52.5249
112.49999999999788 52.582
112.59999999999788 52.639
112.69999999999787 52.696
112.79999999999787 52.7529
112.89999999999786 52.8287
112.99999999999785 52.8666
113.09999999999785 52.9233
113.19999999999784 52.98
113.29999999999784 53.0366
113.39999999999783 53.1119
113.49999999999783 53.1684
113.59999999999782 53.2248
113.69999999999781 53.2812
113.79999999999781 53.3187
113.8999999999978 53.3937
113.9999999999978 53.4498
114.09999999999779 53.5059
114.19999999999779 53.562
114.29999999999778 53.618
114.39999999999777 53.6739
114.49999999999777 53.7484
114.59999999999776 53.7856
114.69999999999776 53.8414
114.79999999999775 53.8971
114.89999999999775 53.9527
114.99999999999774 54.0268
115.09999999999773 54.0823
115.19999999999773 54.1378
115.29999999999772 54.1932
115.39999999999772 54.2301
115.49999999999771 54.3038
115.59999999999771 54.359
115.6999999999977 54.4142
115.79999999999769 54.4693
115.89999999999769 54.5243
115.99999999999768 54.5793
116.09999999999768 54.6526
116.19999999999767 54.6892
116.29999999999767 54.744
116.39999999999766 54.7988
116.49999999999766 54.8535
116.59999999999765 54.9264
116.69999999999764 54.981
116.79999999999764 55.0356
116.89999999999763 55.0901
116.99999999999763 55.1264
117.09999999999762 55.1808
117.19999999999762 55.2532
117.29999999999761 55.3075
117.3999999999976 55.3617
117.4999999999976 55.4159
117.59999999999759 55.47
117.69999999999759 55.5241
117.79999999999758 55.5781
117.89999999999758 55.632
117.99999999999757 55.686
118.09999999999756 55.7398
118.19999999999756 55.7936
118.29999999999755 55.8653
118.39999999999755 55.919
118.49999999999754 55.9726
118.59999999999754 56.0262
118.69999999999753 56.0619
118.79999999999752 56.1332
118.89999999999752 56.1866
118.99999999999751 56.24
119.09999999999751 56.2933
119.1999999999975 56.3466
119.2999999999975 56.3998
119.39999999999749 56.453
119.49999999999748 56.5061
119.59999999999748 56.5592
119.69999999999747 56.6122
119.79999999999747 56.6652
119.89999999999746 56.7357
119.99999999999746 56.7886
120.09999999999745 56.8414
120.19999999999744 56.8942
120.29999999999744 56.9293
120.39999999999743 56.9995
120.49999999999743 57.0522
120.59999999999742 57.1047
120.69999999999742 57.1573
120.79999999999741 57.2097
120.89999999999741 57.2621
120.9999999999974 57.332
121.09999999999739 57.3668
121.19999999999739 57.4191
121.29999999999738 57.4714
121.39999999999738 57.5235
121.49999999999737 57.593
121.59999999999737 57.6451
121.69999999999736 57.6971
121.79999999999735 57.7491
121.89999999999735 57.7838
121.99999999999734 57.8529
122.09999999999734 57.9048
122.19999999999733 57.9566
122.29999999999733 58.0083
122.39999999999732 58.06
122.49999999999731 58.1117
122.59999999999731 58.1805
122.6999999999973 58.2149
122.7999999999973 58.2664
122.89999999999729 58.3178
122.99999999999729 58.3693
123.09999999999728 58.4378
123.19999999999727 58.4891
123.29999999999727 58.5404
123.39999999999726 58.5916
123.49999999999726 58.6257
123.59999999999725 58.6939
123.69999999999725 58.745
123.79999999999724 58.7961
123.89999999999723 58.8471
123.99999999999723 58.8981
124.09999999999722 58.949
124.19999999999722 59.0168
124.29999999999721 59.0507
124.39999999999721 59.1015
124.4999999999972 59.1522
124.59999999999719 59.2029
124.69999999999719 59.2705
124.79999999999718 59.3211
124.89999999999718 59.3716
124.99999999999717 59.3885
